0.09031695872545242
0.09293176233768463
0.06703759729862213
0.052685029804706573
0.05439075082540512
0.04872538149356842
0.06365707516670227
0.0451924093067646
0.044052854180336
0.05086560547351837
0.04546889662742615
0.05110654979944229
0.04815550521016121
0.04238737374544144
0.041985370218753815
0.04178217425942421
0.04146694019436836
0.03248441964387894
0.03263629227876663
0.031500350683927536
0.032249126583337784
0.03330431133508682
0.028970520943403244
0.029993470758199692
0.026634329929947853
0.0233745276927948
0.022411156445741653
0.024908117949962616
0.026746217161417007
0.02176836133003235
0.020221540704369545
0.019551727920770645
0.019829098135232925
0.020037641748785973
0.024680526927113533
0.014191840775310993
0.015309813432395458
0.016774963587522507
0.014638147316873074
0.018972335383296013
0.011994563043117523
0.011880168691277504
0.021137148141860962
0.01198241300880909
0.0166714359074831
0.014914258383214474
0.015074140392243862
0.012531111016869545
0.01750521920621395
0.01688389666378498
0.012394843623042107
0.013917363248765469
0.013108125887811184
0.008878394030034542
0.009153619408607483
0.010831162333488464
0.015008846297860146
0.009474346414208412
0.00858797412365675
0.0139122623950243
0.007428741082549095
0.010954344645142555
0.008722525089979172
0.009163150563836098
0.008704369887709618
0.01121892686933279
0.011003535240888596
0.012168856337666512
0.007139300461858511
0.01074926182627678
0.008251977153122425
0.008422672748565674
0.007504085078835487
0.009879178367555141
0.009544805623590946
0.008947951719164848
0.007647878956049681
0.006478665862232447
0.013500220142304897
0.008312695659697056
0.004686340223997831
0.006540639791637659
0.007601642981171608
0.010917204432189465
0.005953926593065262
0.008768856525421143
0.009960172697901726
